1 32 0 2 1 0 3 1 2 0 1 2 0 1 3 0 2 1 0 3 38
2 1 49 0 3 1 0 2 1 3 0 1 2 0 1 2 0 3 1 0 55
3 0 2 1 1 0 2 0 3 1 0 2 1 2 0 213 1 0 1 0 73
1 0 3 0 204 1 2 0 1 2 0 3 1 0 2 1 0 1 2 0 47
0 1 2 3 0 1 0 2 65 1 0 1 2 0 1 3 0 2 1 0 65
2 0 1 1 2 0 2 0 1 89 0 3 1 0 2 1 0 1 2 0 84
1 2 0 2 0 2 1 1 0 0 102 1 0 2 1 0 1 2 0 3 90
0 1 3 0 3 1 0 2 1 3 0 43 2 0 1 2 0 1 3 0 70
1 0 2 1 1 0 3 0 2 1 0 2 54 1 0 1 2 0 1 2 76
3 0 1 1 2 0 132 1 0 2 1 0 3 1 0 2 1 0 1 2 78
2 1 0 3 0 1 1 1 0 0 2 0 1 98 0 2 1 0 2 1 80
1 2 0 2 0 2 1 3 0 0 1 0 2 1 0 1 100 0 2 1 88
0 1 0 2 1.21 231 0 3 1 0 2 1 0 1 3 0 2 1 0 2 72
2 1 3 0 1 -1 0 1 2 1 2 1 0 0 2 0 0 123 1 0 92
0 2 1 102 0 2 1 0 3 1 2 0 1.123 3 0 1 2 0 3 1 60
0 2 1 3 2 0 1 0 1 2 0 3 1 2 0 -1 2 1 324 0 95
1 3 0 0 1 3 1 4043 2 0 1 2 0 1 2 0 3 1 0 1 62
1 0 0 1 0 2 2 1 0 0 3 0 2 1 1 0 1 0 0 102 83
50 1 2 1 0 0 1 3 0 2 1 0 1 2 0 3 1 2 0 1 42
0 3 1 0 2 3 0 2 1 2 1 1 0 0 143 1 0 2 0 1 85